0.00 0.0006 -0.04
0.02 0.0012 -0.04
0.04 0.0018 -0.04
0.06 0.0024 -0.04
0.08 0.003  -0.04
0.1  0.0036 -0.04
0.12 0.0042 -0.04
0.14 0.0048 -0.04
0.16 0.0054 -0.04
0.18 0.006  -0.04
0.2  0.0066 -0.04
0.22 0.0072 -0.04
0.24 0.0078 -0.04
0.26 0.0084 -0.04
0.28 0.009  -0.04
0.3  0.0096 -0.04
0.32 0.0102 -0.04
0.34 0.0108 -0.04
0.36 0.0114 -0.04
0.38 0.012  -0.04
0.4  0.0126 -0.04
0.42 0.0132 -0.04
0.44 0.0138 -0.04
0.46 0.0144 -0.04
0.48 0.015  -0.04
0.5  0.0156 -0.04
0.52 0.0162 -0.04
0.54 0.0168 -0.04
0.56 0.0174 -0.04
0.58 0.018  -0.04
0.6  0.0186 -0.04
0.62 0.0192 -0.04
0.64 0.0198 -0.04
0.66 0.0204 -0.04
0.68 0.021  -0.04
0.7  0.0216 -0.04
0.72 0.0222 -0.04
0.74 0.0228 -0.04
0.76 0.0234 -0.04
0.78 0.024  -0.04
0.8  0.0246 -0.04
0.82 0.0252 -0.04
0.84 0.0258 -0.04
0.86 0.0264 -0.04
0.88 0.027  -0.04
0.9  0.0276 -0.04
0.92 0.0282 -0.04
0.94 0.0288 -0.04
0.96 0.0294 -0.04
0.98 0.03   -0.04
1    0.0306 -0.04
1.02 0.0312 -0.04
1.04 0.0318 -0.04
1.06 0.0324 -0.04
1.08 0.033  -0.04
1.1  0.0336 -0.04
1.12 0.0342 -0.04
1.14 0.0348 -0.04
1.16 0.0354 -0.04
1.18 0.036  -0.04
1.2  0.0366 -0.04
1.22 0.0372 -0.04
1.24 0.0378 -0.04
1.26 0.0384 -0.04
1.28 0.039  -0.04
1.3  0.0396 -0.04
1.32 0.0402 -0.04
1.34 0.0408 -0.04
1.36 0.0414 -0.04
1.38 0.042  -0.04
1.4  0.0426 -0.04
1.42 0.0432 -0.04
1.44 0.0438 -0.04
1.46 0.0444 -0.04
1.48 0.045  -0.04
1.5  0.0456 -0.04
1.52 0.0462 -0.04
1.54 0.0468 -0.04
1.56 0.0474 -0.04
1.58 0.048  -0.04
1.6  0.0486 -0.04
1.62 0.0492 -0.04
1.64 0.0498 -0.04
1.66 0.0504 -0.04
1.68 0.051  -0.04
1.7  0.0516 -0.04
1.72 0.0522 -0.04
1.74 0.0528 -0.04
1.76 0.0534 -0.04
1.78 0.054  -0.04
1.8  0.0546 -0.04
1.82 0.0552 -0.04
1.84 0.0558 -0.04
1.86 0.0564 -0.04
1.88 0.057  -0.04
1.9  0.0576 -0.04
1.92 0.0582 -0.04
1.94 0.0588 -0.04
1.96 0.0594 -0.04
1.98 0.06   -0.04
2    0.0606 -0.04
2.02 0.0612 -0.04
2.04 0.0618 -0.04
2.06 0.0624 -0.04
2.08 0.063  -0.04
2.1  0.0636 -0.04
2.12 0.0642 -0.04
2.14 0.0648 -0.04
2.16 0.0654 -0.04
2.18 0.066  -0.04
2.2  0.0666 -0.04
2.22 0.0672 -0.04
2.24 0.0678 -0.04
2.26 0.0684 -0.04
2.28 0.069  -0.04
2.3  0.0696 -0.04
2.32 0.0702 -0.04
2.34 0.0708 -0.04
2.36 0.0714 -0.04
2.38 0.072  -0.04
2.4  0.0726 -0.04
2.42 0.0732 -0.04
2.44 0.0738 -0.04
2.46 0.0744 -0.04
2.48 0.075  -0.04
2.5  0.0756 -0.04
2.52 0.0762 -0.04
2.54 0.0768 -0.04
2.56 0.0774 -0.04
2.58 0.078  -0.04
2.6  0.0786 -0.04
2.62 0.0792 -0.04
2.64 0.0798 -0.04
2.66 0.0804 -0.04
2.68 0.081  -0.04
2.7  0.0816 -0.04
2.72 0.0822 -0.04
2.74 0.0828 -0.04
2.76 0.0834 -0.04
2.78 0.084  -0.04
2.8  0.0846 -0.04
2.82 0.0852 -0.04
2.84 0.0858 -0.04
2.86 0.0864 -0.04
2.88 0.087  -0.04
2.9  0.0876 -0.04
2.92 0.0882 -0.04
2.94 0.0888 -0.04
2.96 0.0894 -0.04
2.98 0.09   -0.04
3    0.0906 -0.04
3.02 0.0912 -0.04
3.04 0.0918 -0.04
3.06 0.0924 -0.04
3.08 0.093  -0.04
3.1  0.0936 -0.04
3.12 0.0942 -0.04
3.14 0.0948 -0.04
3.16 0.0954 -0.04
3.18 0.096  -0.04
3.2  0.0966 -0.04
3.22 0.0972 -0.04
3.24 0.0978 -0.04
3.26 0.0984 -0.04
3.28 0.099  -0.04
3.3  0.0996 -0.04
3.32 0.1002 -0.04
3.34 0.1008 -0.04
3.36 0.1014 -0.04
3.38 0.102  -0.04
3.4  0.1026 -0.04
3.42 0.1032 -0.04
3.44 0.1038 -0.04
3.46 0.1044 -0.04
3.48 0.105  -0.04
3.5  0.1056 -0.04
3.52 0.1062 -0.04
3.54 0.1068 -0.04
3.56 0.1074 -0.04
3.58 0.108  -0.04
3.6  0.1086 -0.04
3.62 0.1092 -0.04
3.64 0.1098 -0.04
3.66 0.1104 -0.04
3.68 0.111  -0.04
3.7  0.1116 -0.04
3.72 0.1122 -0.04
3.74 0.1128 -0.04
3.76 0.1134 -0.04
3.78 0.114  -0.04
3.8  0.1146 -0.04
3.82 0.1152 -0.04
3.84 0.1158 -0.04
3.86 0.1164 -0.04
3.88 0.117  -0.04
3.9  0.1176 -0.04
3.92 0.1182 -0.04
3.94 0.1188 -0.04
3.96 0.1194 -0.04
3.98 0.12   -0.04
4    0.1206 -0.04
4.02 0.1212 -0.04
4.04 0.1218 -0.04
4.06 0.1224 -0.04
4.08 0.123  -0.04
4.1  0.1236 -0.04
4.12 0.1242 -0.04
4.14 0.1248 -0.04
4.16 0.1254 -0.04
4.18 0.126  -0.04
4.2  0.1266 -0.04
4.22 0.1272 -0.04
4.24 0.1278 -0.04
4.26 0.1284 -0.04
4.28 0.129  -0.04
4.3  0.1296 -0.04
4.32 0.1302 -0.04
4.34 0.1308 -0.04
4.36 0.1314 -0.04
4.38 0.132  -0.04
4.4  0.1326 -0.04
4.42 0.1332 -0.04
4.44 0.1338 -0.04
4.46 0.1344 -0.04
4.48 0.135  -0.04
4.5  0.1356 -0.04
4.52 0.1362 -0.04
4.54 0.1368 -0.04
4.56 0.1374 -0.04
4.58 0.138  -0.04
4.6  0.1386 -0.04
4.62 0.1392 -0.04
4.64 0.1398 -0.04
4.66 0.1404 -0.04
4.68 0.141  -0.04
4.7  0.1416 -0.04
4.72 0.1422 -0.04
4.74 0.1428 -0.04
4.76 0.1434 -0.04
4.78 0.144  -0.04
4.8  0.1446 -0.04
4.82 0.1452 -0.04
4.84 0.1458 -0.04
4.86 0.1464 -0.04
4.88 0.147  -0.04
4.9  0.1476 -0.04
4.92 0.1482 -0.04
4.94 0.1488 -0.04
4.96 0.1494 -0.04
4.98 0.15   -0.04
5    0.1506 -0.04
5.02 0.1512 -0.04
5.04 0.1518 -0.04
5.06 0.1524 -0.04
5.08 0.153  -0.04
5.1  0.1536 -0.04
5.12 0.1542 -0.04
5.14 0.1548 -0.04
5.16 0.1554 -0.04
5.18 0.156  -0.04
5.2  0.1566 -0.04
5.22 0.1572 -0.04
5.24 0.1578 -0.04
5.26 0.1584 -0.04
5.28 0.159  -0.04
5.3  0.1596 -0.04
5.32 0.1602 -0.04
5.34 0.1608 -0.04
5.36 0.1614 -0.04
5.38 0.162  -0.04
5.4  0.1626 -0.04
5.42 0.1632 -0.04
5.44 0.1638 -0.04
5.46 0.1644 -0.04
5.48 0.165  -0.04
5.5  0.1656 -0.04
5.52 0.1662 -0.04
5.54 0.1668 -0.04
5.56 0.1674 -0.04
5.58 0.168  -0.04
5.6  0.1686 -0.04
5.62 0.1692 -0.04
5.64 0.1698 -0.04
5.66 0.1704 -0.04
5.68 0.171  -0.04
5.7  0.1716 -0.04
5.72 0.1722 -0.04
5.74 0.1728 -0.04
5.76 0.1734 -0.04
5.78 0.174  -0.04
5.8  0.1746 -0.04
5.82 0.1752 -0.04
5.84 0.1758 -0.04
5.86 0.1764 -0.04
5.88 0.177  -0.04
5.9  0.1776 -0.04
5.92 0.1782 -0.04
5.94 0.1788 -0.04
5.96 0.1794 -0.04
5.98 0.18   -0.04
6    0.1806 -0.04
