0.00 0.4000 0.8000
0.02 0.4001 0.8001
0.04 0.4003 0.8003
0.06 0.4006 0.8007
0.08 0.4011 0.8012
0.10 0.4017 0.8019
0.12 0.4024 0.8027
0.14 0.4033 0.8037
0.16 0.4043 0.8048
0.18 0.4054 0.8060
0.20 0.4067 0.8074
0.22 0.4081 0.8090
0.24 0.4096 0.8107
0.26 0.4113 0.8126
0.28 0.4131 0.8146
0.30 0.4150 0.8168
0.32 0.4171 0.8191
0.34 0.4193 0.8215
0.36 0.4216 0.8241
0.38 0.4241 0.8269
0.40 0.4267 0.8298
0.42 0.4294 0.8329
0.44 0.4323 0.8361
0.46 0.4353 0.8394
0.48 0.4384 0.8429
0.50 0.4417 0.8466
0.52 0.4451 0.8504
0.54 0.4486 0.8543
0.56 0.4523 0.8584
0.58 0.4561 0.8627
0.60 0.4600 0.8670
0.62 0.4641 0.8716
0.64 0.4683 0.8763
0.66 0.4726 0.8811
0.68 0.4771 0.8861
0.70 0.4817 0.8913
0.72 0.4865 0.8966
0.74 0.4913 0.9020
0.76 0.4963 0.9076
0.78 0.5015 0.9133
0.80 0.5067 0.9192
0.82 0.5121 0.9252
0.84 0.5177 0.9314
0.86 0.5233 0.9377
0.88 0.5291 0.9442
0.90 0.5351 0.9509
0.92 0.5412 0.9576
0.94 0.5474 0.9646
0.96 0.5537 0.9716
0.98 0.5602 0.9789
1.00 0.5668 0.9862
1.02 0.5735 0.9938
1.04 0.5804 1.0014
1.06 0.5874 1.0093
1.08 0.5945 1.0172
1.10 0.6018 1.0254
1.12 0.6092 1.0336
1.14 0.6167 1.0420
1.16 0.6244 1.0506
1.18 0.6322 1.0593
1.20 0.6401 1.0682
1.22 0.6482 1.0772
1.24 0.6564 1.0864
1.26 0.6648 1.0957
1.28 0.6732 1.1052
1.30 0.6818 1.1148
1.32 0.6906 1.1245
1.34 0.6994 1.1344
1.36 0.7085 1.1445
1.38 0.7176 1.1547
1.40 0.7269 1.1650
1.42 0.7363 1.1756
1.44 0.7458 1.1862
1.46 0.7555 1.1970
1.48 0.7653 1.2080
1.50 0.7752 1.2191
1.52 0.7853 1.2303
1.54 0.7955 1.2417
1.56 0.8058 1.2533
1.58 0.8163 1.2650
1.60 0.8269 1.2768
1.62 0.8377 1.2888
1.64 0.8485 1.3009
1.66 0.8595 1.3132
1.68 0.8707 1.3257
1.70 0.8820 1.3383
1.72 0.8934 1.3510
1.74 0.9049 1.3639
1.76 0.9166 1.3769
1.78 0.9284 1.3901
1.80 0.9403 1.4034
1.82 0.9524 1.4169
1.84 0.9646 1.4306
1.86 0.9769 1.4443
1.88 0.9894 1.4583
1.90 1.0020 1.4724
1.92 1.0148 1.4866
1.94 1.0276 1.5010
1.96 1.0407 1.5155
1.98 1.0538 1.5302
2.00 1.0671 1.5450
2.02 1.0805 1.5600
2.04 1.0940 1.5751
2.06 1.1077 1.5904
2.08 1.1215 1.6058
2.10 1.1354 1.6214
2.12 1.1495 1.6371
2.14 1.1637 1.6529
2.16 1.1781 1.6690
2.18 1.1925 1.6851
2.20 1.2072 1.7014
2.22 1.2219 1.7179
2.24 1.2368 1.7345
2.26 1.2518 1.7513
2.28 1.2669 1.7682
2.30 1.2822 1.7853
2.32 1.2976 1.8025
2.34 1.3131 1.8198
2.36 1.3288 1.8373
2.38 1.3446 1.8550
2.40 1.3606 1.8728
2.42 1.3767 1.8907
2.44 1.3929 1.9089
2.46 1.4092 1.9271
2.48 1.4257 1.9455
2.50 1.4423 1.9641
2.52 1.4590 1.9828
2.54 1.4759 2.0016
2.56 1.4929 2.0206
2.58 1.5101 2.0397
2.60 1.5273 2.0590
2.62 1.5448 2.0785
2.64 1.5623 2.0981
2.66 1.5800 2.1178
2.68 1.5978 2.1377
2.70 1.6157 2.1578
2.72 1.6338 2.1779
2.74 1.6520 2.1983
2.76 1.6704 2.2188
2.78 1.6888 2.2394
2.80 1.7075 2.2602
2.82 1.7262 2.2811
2.84 1.7451 2.3022
2.86 1.7641 2.3234
2.88 1.7832 2.3448
2.90 1.8025 2.3664
2.92 1.8219 2.3880
2.94 1.8415 2.4099
2.96 1.8611 2.4318
2.98 1.8810 2.4540
3.00 1.9009 2.4762
3.02 1.9210 2.4987
3.04 1.9412 2.5212
3.06 1.9615 2.5440
3.08 1.9820 2.5668
3.10 2.0026 2.5899
3.12 2.0234 2.6130
3.14 2.0443 2.6363
3.16 2.0653 2.6598
3.18 2.0864 2.6834
3.20 2.1077 2.7072
3.22 2.1291 2.7311
3.24 2.1507 2.7552
3.26 2.1723 2.7794
3.28 2.1941 2.8037
3.30 2.2161 2.8283
3.32 2.2382 2.8529
3.34 2.2604 2.8777
3.36 2.2827 2.9027
3.38 2.3052 2.9278
3.40 2.3278 2.9530
3.42 2.3506 2.9784
3.44 2.3735 3.0040
3.46 2.3965 3.0297
3.48 2.4196 3.0556
3.50 2.4429 3.0816
3.52 2.4663 3.1077
3.54 2.4899 3.1340
3.56 2.5135 3.1604
3.58 2.5374 3.1870
3.60 2.5613 3.2138
3.62 2.5854 3.2407
3.64 2.6096 3.2677
3.66 2.6339 3.2949
3.68 2.6584 3.3223
3.70 2.6830 3.3498
3.72 2.7078 3.3774
3.74 2.7327 3.4052
3.76 2.7577 3.4331
3.78 2.7828 3.4612
3.80 2.8081 3.4894
3.82 2.8335 3.5178
3.84 2.8591 3.5464
3.86 2.8848 3.5750
3.88 2.9106 3.6039
3.90 2.9365 3.6328
3.92 2.9626 3.6620
3.94 2.9888 3.6913
3.96 3.0152 3.7207
3.98 3.0417 3.7503
4.00 3.0683 3.7800
4.02 3.0950 3.8099
4.04 3.1219 3.8399
4.06 3.1489 3.8701
4.08 3.1761 3.9004
4.10 3.2034 3.9308
4.12 3.2308 3.9615
4.14 3.2583 3.9922
4.16 3.2860 4.0232
4.18 3.3138 4.0542
4.20 3.3418 4.0854
4.22 3.3699 4.1168
4.24 3.3981 4.1483
4.26 3.4264 4.1800
4.28 3.4549 4.2118
4.30 3.4835 4.2437
4.32 3.5123 4.2759
4.34 3.5412 4.3081
4.36 3.5702 4.3405
4.38 3.5993 4.3731
4.40 3.6286 4.4058
4.42 3.6580 4.4386
4.44 3.6876 4.4716
4.46 3.7173 4.5048
4.48 3.7471 4.5381
4.50 3.7770 4.5715
4.52 3.8071 4.6051
4.54 3.8373 4.6389
4.56 3.8677 4.6728
4.58 3.8982 4.7068
4.60 3.9288 4.7410
4.62 3.9595 4.7754
4.64 3.9904 4.8099
4.66 4.0214 4.8445
4.68 4.0526 4.8793
4.70 4.0839 4.9142
4.72 4.1153 4.9493
4.74 4.1469 4.9846
4.76 4.1785 5.0200
4.78 4.2104 5.0555
4.80 4.2423 5.0912
4.82 4.2744 5.1270
4.84 4.3066 5.1630
4.86 4.3390 5.1800
4.88 4.3715 5.1800
4.90 4.4041 5.1800
4.92 4.4368 5.1800
4.94 4.4697 5.1800
4.96 4.5027 5.1800
4.98 4.5359 5.1800
5.00 4.5692 5.1800
5.02 4.6026 5.1800
5.04 4.6361 5.1800
5.06 4.6698 5.1800
5.08 4.7037 5.1800
5.10 4.7376 5.1800
5.12 4.7717 5.1800
5.14 4.8059 5.1800
5.16 4.8403 5.1800
5.18 4.8748 5.1800
5.20 4.9094 5.1800
5.22 4.9441 5.1800
5.24 4.9790 5.1800
5.26 5.0140 5.1800
5.28 5.0492 5.1800
5.30 5.0800 5.1800
5.32 5.0800 5.1800
5.34 5.0800 5.1800
5.36 5.0800 5.1800
5.38 5.0800 5.1800
5.40 5.0800 5.1800
5.42 5.0800 5.1800
5.44 5.0800 5.1800
5.46 5.0800 5.1800
5.48 5.0800 5.1800
5.50 5.0800 5.1800
5.52 5.0800 5.1800
5.54 5.0800 5.1800
5.56 5.0800 5.1800
5.58 5.0800 5.1800
5.60 5.0800 5.1800
5.62 5.0800 5.1800
5.64 5.0800 5.1800
5.66 5.0800 5.1800
5.68 5.0800 5.1800
5.70 5.0800 5.1800
5.72 5.0800 5.1800
5.74 5.0800 5.1800
5.76 5.0800 5.1800
5.78 5.0800 5.1800
5.80 5.0800 5.1800
5.82 5.0800 5.1800
5.84 5.0800 5.1800
5.86 5.0800 5.1800
5.88 5.0800 5.1800
5.90 5.0800 5.1800
5.92 5.0800 5.1800
5.94 5.0800 5.1800
5.96 5.0800 5.1800
5.98 5.0800 5.1800
6.00 5.0800 5.1800
