0.00 1.00000000 0.50000000
0.02 1.01000004 0.51799200
0.04 1.02000032 0.53596800
0.06 1.03000108 0.55392800
0.08 1.04000256 0.57187200
0.10 1.05000500 0.58980000
0.12 1.06000864 0.60771200
0.14 1.07001372 0.62560800
0.16 1.08002048 0.64348800
0.18 1.09002916 0.66135200
0.20 1.10004000 0.67920000
0.22 1.11005324 0.69703200
0.24 1.12006912 0.71484800
0.26 1.13008788 0.73264800
0.28 1.14010976 0.75043200
0.30 1.15013500 0.76820000
0.32 1.16016384 0.78595200
0.34 1.17019652 0.80368800
0.36 1.18023328 0.82140800
0.38 1.19027436 0.83911200
0.40 1.20032000 0.85680000
0.42 1.21037044 0.87447200
0.44 1.22042592 0.89212800
0.46 1.23048668 0.90976800
0.48 1.24055296 0.92739200
0.50 1.25062500 0.94500000
0.52 1.26070304 0.96259200
0.54 1.27078732 0.98016800
0.56 1.28087808 0.99772800
0.58 1.29097556 1.01527200
0.60 1.30108000 1.03280000
0.62 1.31119164 1.05031200
0.64 1.32131072 1.06780800
0.66 1.33143748 1.08528800
0.68 1.34157216 1.10275200
0.70 1.35171500 1.12020000
0.72 1.36186624 1.13763200
0.74 1.37202612 1.15504800
0.76 1.38219488 1.17244800
0.78 1.39237276 1.18983200
0.80 1.40256000 1.20720000
0.82 1.41275684 1.22455200
0.84 1.42296352 1.24188800
0.86 1.43318028 1.25920800
0.88 1.44340736 1.27651200
0.90 1.45364500 1.29380000
0.92 1.46389344 1.31107200
0.94 1.47415292 1.32832800
0.96 1.48442368 1.34556800
0.98 1.49470596 1.36279200
1.00 1.50499264 1.37995264
1.02 1.51530604 1.39719200
1.04 1.52562432 1.41436800
1.06 1.53595508 1.43152800
1.08 1.54629856 1.44867200
1.10 1.55665500 1.46580000
1.12 1.56702464 1.48291200
1.14 1.57740772 1.50000800
1.16 1.58780448 1.51708800
1.18 1.59821516 1.53415200
1.20 1.60864000 1.55120000
1.22 1.61907924 1.56823200
1.24 1.62953312 1.58524800
1.26 1.64000188 1.60224800
1.28 1.65048576 1.61923200
1.30 1.66098500 1.63620000
1.32 1.67149984 1.65315200
1.34 1.68203052 1.67008800
1.36 1.69257728 1.68700800
1.38 1.70314036 1.70391200
1.40 1.71372000 1.72080000
1.42 1.72431644 1.73767200
1.44 1.73492992 1.75452800
1.46 1.74556068 1.77136800
1.48 1.75620896 1.78819200
1.50 1.76687500 1.80500000
1.52 1.77755904 1.82179200
1.54 1.78826132 1.83856800
1.56 1.79898208 1.85532800
1.58 1.80972156 1.87207200
1.60 1.82048000 1.88880000
1.62 1.83125764 1.90551200
1.64 1.84205472 1.92220800
1.66 1.85287148 1.93888800
1.68 1.86370816 1.95555200
1.70 1.87456500 1.97220000
1.72 1.88544224 1.98883200
1.74 1.89634012 2.00544800
1.76 1.90725888 2.02204800
1.78 1.91819876 2.03863200
1.80 1.92916000 2.05520000
1.82 1.94014284 2.07175200
1.84 1.95114752 2.08828800
1.86 1.96217428 2.10480800
1.88 1.97322336 2.12131200
1.90 1.98429500 2.13780000
1.92 1.99538944 2.15427200
1.94 2.00650692 2.17072800
1.96 2.01764768 2.18716800
1.98 2.02881196 2.20359200
2.00 2.04000000 2.22000000
2.02 2.05121204 2.23639200
2.04 2.06244832 2.25276800
2.06 2.07370908 2.26912800
2.08 2.08499456 2.28547200
2.10 2.09630500 2.30180000
2.12 2.10764064 2.31811200
2.14 2.11900172 2.33440800
2.16 2.13038848 2.35068800
2.18 2.14180116 2.36695200
2.20 2.15324000 2.38320000
2.22 2.16470524 2.39943200
2.24 2.17619712 2.41564800
2.26 2.18771588 2.43184800
2.28 2.19926176 2.44803200
2.30 2.21083500 2.46420000
2.32 2.22243584 2.48035200
2.34 2.23406452 2.49648800
2.36 2.24572128 2.51260800
2.38 2.25740636 2.52871200
2.40 2.26912000 2.54480000
2.42 2.28086244 2.56087200
2.44 2.29263392 2.57692800
2.46 2.30443468 2.59296800
2.48 2.31626496 2.60899200
2.50 2.32812500 2.62500000
2.52 2.34001504 2.64099200
2.54 2.35193532 2.65696800
2.56 2.36388608 2.67292800
2.58 2.37586756 2.68887200
2.60 2.38788000 2.70480000
2.62 2.39992364 2.72071200
2.64 2.41199872 2.73660800
2.66 2.42410548 2.75248800
2.68 2.43624416 2.76835200
2.70 2.44841500 2.78420000
2.72 2.46061824 2.80003200
2.74 2.47285412 2.81584800
2.76 2.48512288 2.83164800
2.78 2.49742476 2.84743200
2.80 2.50976000 2.86320000
2.82 2.52212884 2.87895200
2.84 2.53453152 2.89468800
2.86 2.54696828 2.91040800
2.88 2.55943936 2.92611200
2.90 2.57194500 2.94180000
2.92 2.58448544 2.95747200
2.94 2.59706092 2.97312800
2.96 2.60967168 2.98876800
2.98 2.62231796 3.00439200
3.00 2.63500000 3.02000000
3.02 2.64771804 3.03559200
3.04 2.66047232 3.05116800
3.06 2.67326308 3.06672800
3.08 2.68609056 3.08227200
3.10 2.69895500 3.09780000
3.12 2.71185664 3.11331200
3.14 2.72479572 3.12880800
3.16 2.73777248 3.14428800
3.18 2.75078716 3.15975200
3.20 2.76384000 3.17520000
3.22 2.77693124 3.19063200
3.24 2.79006112 3.20604800
3.26 2.80322988 3.22144800
3.28 2.81643776 3.23683200
3.30 2.82968500 3.25220000
3.32 2.84297184 3.26755200
3.34 2.85629852 3.28288800
3.36 2.86966528 3.29820800
3.38 2.88307236 3.31351200
3.40 2.89652000 3.32880000
3.42 2.91000800 3.34407200
3.44 2.92353800 3.35932800
3.46 2.93710900 3.37456800
3.48 2.95072100 3.38979200
3.50 2.96437500 3.40500000
3.52 2.97807100 3.42019200
3.54 2.99180900 3.43536800
3.56 3.00559000 3.45052800
3.58 3.01941400 3.46567200
3.60 3.03328000 3.48080000
3.62 3.04719000 3.49591200
3.64 3.06114300 3.51100800
3.66 3.07513900 3.52608800
3.68 3.08918000 3.54115200
3.70 3.10326500 3.55620000
3.72 3.11739400 3.57123200
3.74 3.13156800 3.58624800
3.76 3.14578700 3.60124800
3.78 3.16005100 3.61623200
3.80 3.17436000 3.63120000
3.82 3.18871500 3.64615200
3.84 3.20311600 3.66108800
3.86 3.21756200 3.67600800
3.88 3.23205500 3.69091200
3.90 3.24659500 3.70580000
3.92 3.26118100 3.72067200
3.94 3.27581500 3.73552800
3.96 3.29049600 3.75036800
3.98 3.30522400 3.76519200
4.00 3.32000000 3.78000000
4.02 3.33482400 3.79479200
4.04 3.34969600 3.80956800
4.06 3.36461700 3.82432800
4.08 3.37958700 3.83907200
4.10 3.39460500 3.85380000
4.12 3.40967300 3.86851200
4.14 3.42479000 3.88320800
4.16 3.43995600 3.89788800
4.18 3.45517300 3.91255200
4.20 3.47044000 3.92720000
4.22 3.48575700 3.94183200
4.24 3.50112500 3.95644800
4.26 3.51654400 3.97104800
4.28 3.53201400 3.98563200
4.30 3.54753500 4.00020000
4.32 3.56310800 4.01475200
4.34 3.57873300 4.02928800
4.36 3.59440900 4.04380800
4.38 3.61013800 4.05831200
4.40 3.62592000 4.07280000
4.42 3.64175400 4.08727200
4.44 3.65764200 4.10172800
4.46 3.67358300 4.11616800
4.48 3.68957700 4.13059200
4.50 3.70562500 4.14500000
4.52 3.72172700 4.15939200
4.54 3.73788300 4.17376800
4.56 3.75409400 4.18812800
4.58 3.77036000 4.20247200
4.60 3.78668000 4.21680000
4.62 3.80305600 4.23111200
4.64 3.81948700 4.24540800
4.66 3.83597300 4.25968800
4.68 3.85251600 4.27395200
4.70 3.86911500 4.28820000
4.72 3.88577000 4.30243200
4.74 3.90248200 4.31664800
4.76 3.91925100 4.33084800
4.78 3.93607700 4.34503200
4.80 3.95296000 4.35920000
4.82 3.96990100 4.37335200
4.84 3.98690000 4.38748800
4.86 4.00395600 4.40160800
4.88 4.02107100 4.41571200
4.90 4.03824500 4.42980000
4.92 4.05547700 4.44387200
4.94 4.07276900 4.45792800
4.96 4.09012000 4.47196800
4.98 4.10753000 4.48599200
5.00 4.12500000 4.50000000
5.02 4.14253000 4.51399200
5.04 4.16012000 4.52796800
5.06 4.17777100 4.54192800
5.08 4.19548300 4.55587200
5.10 4.21325500 4.56980000
5.12 4.23108900 4.58371200
5.14 4.24898400 4.59760800
5.16 4.26694000 4.61148800
5.18 4.28495900 4.62535200
5.20 4.30304000 4.63920000
5.22 4.32118400 4.65303200
5.24 4.33938900 4.66684800
5.26 4.35765800 4.68064800
5.28 4.37599000 4.69443200
5.30 4.39438500 4.70820000
5.32 4.41284400 4.72195200
5.34 4.43136700 4.73568800
5.36 4.44995300 4.74940800
5.38 4.46860400 4.76311200
5.40 4.48732000 4.77680000
5.42 4.50610000 4.79047200
5.44 4.52494600 4.80412800
5.46 4.54385700 4.81776800
5.48 4.56283300 4.83139200
5.50 4.58187500 4.84500000
5.52 4.60098300 4.85859200
5.54 4.62015700 4.87216800
5.56 4.63939800 4.88572800
5.58 4.65870600 4.89927200
5.60 4.67808000 4.91280000
5.62 4.69752200 4.92631200
5.64 4.71703100 4.93980800
5.66 4.73660700 4.95328800
5.68 4.75625200 4.96675200
5.70 4.77596500 4.98020000
5.72 4.79574600 4.99363200
5.74 4.81559600 5.00704800
5.76 4.83551500 5.02044800
5.78 4.85550300 5.03383200
5.80 4.87556000 5.04720000
5.82 4.89568700 5.06055200
5.84 4.91588400 5.07388800
5.86 4.93615000 5.08720800
5.88 4.95648700 5.10051200
5.90 4.97689500 5.11380000
5.92 4.99737300 5.12707200
5.94 5.01792300 5.14032800
5.96 5.03854400 5.15356800
5.98 5.05923600 5.16679200
6.00 5.08000000 5.18000000
