0.00 0.0000 0.0000
0.02 0.0073 0.0068
0.04 0.0146 0.0137
0.06 0.0219 0.0205
0.08 0.0292 0.0273
0.10 0.0365 0.0342
0.12 0.0438 0.0410
0.14 0.0511 0.0478
0.16 0.0584 0.0547
0.18 0.0657 0.0615
0.20 0.0730 0.0683
0.22 0.0803 0.0752
0.24 0.0876 0.0820
0.26 0.0949 0.0888
0.28 0.1022 0.0957
0.30 0.1095 0.1025
0.32 0.1168 0.1093
0.34 0.1241 0.1162
0.36 0.1314 0.1230
0.38 0.1387 0.1298
0.40 0.1460 0.1367
0.42 0.1533 0.1435
0.44 0.1606 0.1503
0.46 0.1679 0.1572
0.48 0.1752 0.1640
0.50 0.1825 0.1708
0.52 0.1898 0.1777
0.54 0.1971 0.1845
0.56 0.2044 0.1913
0.58 0.2117 0.1982
0.60 0.2190 0.2050
0.62 0.2263 0.2118
0.64 0.2336 0.2187
0.66 0.2409 0.2255
0.68 0.2482 0.2323
0.70 0.2555 0.2392
0.72 0.2628 0.2460
0.74 0.2701 0.2528
0.76 0.2774 0.2597
0.78 0.2847 0.2665
0.80 0.2920 0.2733
0.82 0.2993 0.2802
0.84 0.3067 0.2870
0.86 0.3140 0.2938
0.88 0.3213 0.3007
0.90 0.3286 0.3075
0.92 0.3359 0.3143
0.94 0.3432 0.3212
0.96 0.3505 0.3280
0.98 0.3578 0.3348
1.00 0.3651 0.3417
1.02 0.3724 0.3485
1.04 0.3797 0.3553
1.06 0.3870 0.3622
1.08 0.3943 0.3690
1.10 0.4016 0.3758
1.12 0.4089 0.3827
1.14 0.4162 0.3895
1.16 0.4235 0.3963
1.18 0.4308 0.4032
1.20 0.4381 0.4100
1.22 0.4454 0.4168
1.24 0.4527 0.4237
1.26 0.4600 0.4305
1.28 0.4673 0.4373
1.30 0.4746 0.4442
1.32 0.4819 0.4510
1.34 0.4892 0.4578
1.36 0.4965 0.4647
1.38 0.5038 0.4715
1.40 0.5111 0.4783
1.42 0.5184 0.4852
1.44 0.5257 0.4920
1.46 0.5330 0.4988
1.48 0.5403 0.5057
1.50 0.5476 0.5125
1.52 0.5549 0.5193
1.54 0.5622 0.5262
1.56 0.5695 0.5330
1.58 0.5768 0.5398
1.60 0.5841 0.5467
1.62 0.5914 0.5535
1.64 0.5987 0.5603
1.66 0.6060 0.5672
1.68 0.6133 0.5740
1.70 0.6206 0.5808
1.72 0.6279 0.5877
1.74 0.6352 0.5945
1.76 0.6425 0.6013
1.78 0.6498 0.6082
1.80 0.6571 0.6150
1.82 0.6644 0.6218
1.84 0.6717 0.6287
1.86 0.6790 0.6355
1.88 0.6863 0.6423
1.90 0.6936 0.6492
1.92 0.7009 0.6560
1.94 0.7082 0.6628
1.96 0.7155 0.6697
1.98 0.7228 0.6765
2.00 0.7301 0.6833
2.02 0.7374 0.6902
2.04 0.7447 0.6970
2.06 0.7520 0.7038
2.08 0.7593 0.7107
2.10 0.7666 0.7175
2.12 0.7739 0.7243
2.14 0.7812 0.7312
2.16 0.7885 0.7380
2.18 0.7958 0.7448
2.20 0.8031 0.7516
2.22 0.8104 0.7585
2.24 0.8177 0.7653
2.26 0.8250 0.7721
2.28 0.8323 0.7790
2.30 0.8396 0.7858
2.32 0.8469 0.7926
2.34 0.8542 0.7995
2.36 0.8615 0.8063
2.38 0.8688 0.8131
2.40 0.8761 0.8200
2.42 0.8834 0.8268
2.44 0.8907 0.8336
2.46 0.8980 0.8405
2.48 0.9053 0.8473
2.50 0.9127 0.8541
2.52 0.9200 0.8610
2.54 0.9273 0.8678
2.56 0.9346 0.8746
2.58 0.9419 0.8815
2.60 0.9492 0.8883
2.62 0.9565 0.8951
2.64 0.9638 0.9020
2.66 0.9711 0.9088
2.68 0.9784 0.9156
2.70 0.9857 0.9225
2.72 0.9930 0.9293
2.74 1.0003 0.9361
2.76 1.0076 0.9430
2.78 1.0149 0.9498
2.80 1.0222 0.9566
2.82 1.0295 0.9635
2.84 1.0368 0.9703
2.86 1.0441 0.9771
2.88 1.0514 0.9840
2.90 1.0587 0.9908
2.92 1.0660 0.9976
2.94 1.0733 1.0045
2.96 1.0806 1.0113
2.98 1.0879 1.0181
3.00 1.0952 1.0250
3.02 1.1025 1.0318
3.04 1.1098 1.0386
3.06 1.1171 1.0455
3.08 1.1244 1.0523
3.10 1.1317 1.0591
3.12 1.1390 1.0660
3.14 1.1463 1.0728
3.16 1.1536 1.0796
3.18 1.1609 1.0865
3.20 1.1682 1.0933
3.22 1.1755 1.1001
3.24 1.1828 1.1070
3.26 1.1901 1.1138
3.28 1.1974 1.1206
3.30 1.2047 1.1275
3.32 1.2120 1.1343
3.34 1.2193 1.1411
3.36 1.2266 1.1480
3.38 1.2339 1.1548
3.40 1.2412 1.1616
3.42 1.2485 1.1685
3.44 1.2558 1.1753
3.46 1.2631 1.1821
3.48 1.2704 1.1890
3.50 1.2777 1.1958
3.52 1.2850 1.2026
3.54 1.2923 1.2095
3.56 1.2996 1.2163
3.58 1.3069 1.2231
3.60 1.3142 1.2300
3.62 1.3215 1.2368
3.64 1.3288 1.2436
3.66 1.3361 1.2505
3.68 1.3434 1.2573
3.70 1.3507 1.2641
3.72 1.3580 1.2710
3.74 1.3653 1.2778
3.76 1.3726 1.2846
3.78 1.3799 1.2915
3.82 1.3152 1.2263
3.84 1.2432 1.1543
3.86 1.1712 1.0823
3.88 1.0992 1.0103
3.90 1.0272 0.9383
3.92 0.9552 0.8663
3.94 0.8832 0.7943
3.96 0.8112 0.7223
3.98 0.7392 0.6503
4.00 0.6672 0.5783
4.02 0.5952 0.5063
4.04 0.5232 0.4343
4.06 0.4512 0.3623
4.08 0.3792 0.2903
4.10 0.3072 0.2183
4.12 0.2352 0.1463
4.14 0.1632 0.0743
4.16 0.0912 0.0023
4.18 0.0000 0.0000
4.20 0.0000 0.0000
4.22 0.0000 0.0000
4.24 0.0000 0.0000
4.26 0.0000 0.0000
4.28 0.0000 0.0000
4.30 0.0000 0.0000
4.32 0.0000 0.0000
4.34 0.0000 0.0000
4.36 0.0000 0.0000
4.38 0.0000 0.0000
4.40 0.0000 0.0000
4.42 0.0000 0.0000
4.44 0.0000 0.0000
4.46 0.0000 0.0000
4.48 0.0000 0.0000
4.50 0.0000 0.0000
4.52 0.0000 0.0000
4.54 0.0000 0.0000
4.56 0.0000 0.0000
4.58 0.0000 0.0000
4.60 0.0000 0.0000
4.62 0.0000 0.0000
4.64 0.0000 0.0000
4.66 0.0000 0.0000
4.68 0.0000 0.0000
4.70 0.0000 0.0000
4.72 0.0000 0.0000
4.74 0.0000 0.0000
4.76 0.0000 0.0000
4.78 0.0000 0.0000
4.80 0.0000 0.0000
4.82 0.0000 0.0000
4.84 0.0000 0.0000
4.86 0.0000 0.0000
4.88 0.0000 0.0000
4.90 0.0000 0.0000
4.92 0.0000 0.0000
4.94 0.0000 0.0000
4.96 0.0000 0.0000
4.98 0.0000 0.0000
5.00 0.0000 0.0000
5.02 0.0000 0.0000
5.04 0.0000 0.0000
5.06 0.0000 0.0000
5.08 0.0000 0.0000
5.10 0.0000 0.0000
5.12 0.0000 0.0000
5.14 0.0000 0.0000
5.16 0.0000 0.0000
5.18 0.0000 0.0000
5.20 0.0000 0.0000
5.22 0.0000 0.0000
5.24 0.0000 0.0000
5.26 0.0000 0.0000
5.28 0.0000 0.0000
5.30 0.0000 0.0000
5.32 0.0000 0.0000
5.34 0.0000 0.0000
5.36 0.0000 0.0000
5.38 0.0000 0.0000
5.40 0.0000 0.0000
5.42 0.0000 0.0000
5.44 0.0000 0.0000
5.46 0.0000 0.0000
5.48 0.0000 0.0000
5.50 0.0000 0.0000
5.52 0.0000 0.0000
5.54 0.0000 0.0000
5.56 0.0000 0.0000
5.58 0.0000 0.0000
5.60 0.0000 0.0000
5.62 0.0000 0.0000
5.64 0.0000 0.0000
5.66 0.0000 0.0000
5.68 0.0000 0.0000
5.70 0.0000 0.0000
5.72 0.0000 0.0000
5.74 0.0000 0.0000
5.76 0.0000 0.0000
5.78 0.0000 0.0000
5.80 0.0000 0.0000
5.82 0.0000 0.0000
5.84 0.0000 0.0000
5.86 0.0000 0.0000
5.88 0.0000 0.0000
5.90 0.0000 0.0000
5.92 0.0000 0.0000
5.94 0.0000 0.0000
5.96 0.0000 0.0000
5.98 0.0000 0.0000
6.00 0.0000 0.0000
6.02 0.0000 0.0000
