0.00 0.500002 0.8996
0.02 0.500014 0.8988
0.04 0.500038 0.898
0.06 0.500074 0.8972
0.08 0.500122 0.8964
0.10 0.500182 0.8956
0.12 0.500254 0.8948
0.14 0.500338 0.894
0.16 0.500434 0.8932
0.18 0.500542 0.8924
0.20 0.500662 0.8916
0.22 0.500794 0.8908
0.24 0.500938 0.89
0.26 0.501094 0.8892
0.28 0.501262 0.8884
0.30 0.501442 0.8876
0.32 0.501634 0.8868
0.34 0.501838 0.886
0.36 0.502054 0.8852
0.38 0.502282 0.8844
0.40 0.502522 0.8836
0.42 0.502774 0.8828
0.44 0.503038 0.882
0.46 0.503314 0.8812
0.48 0.503602 0.8804
0.50 0.503902 0.8796
0.52 0.504214 0.8788
0.54 0.504538 0.878
0.56 0.504874 0.8772
0.58 0.505222 0.8764
0.60 0.505582 0.8756
0.62 0.505954 0.8748
0.64 0.506338 0.874
0.66 0.506734 0.8732
0.68 0.507142 0.8724
0.70 0.507562 0.8716
0.72 0.507994 0.8708
0.74 0.508438 0.87
0.76 0.508894 0.8692
0.78 0.509362 0.8684
0.80 0.509842 0.8676
0.82 0.510334 0.8668
0.84 0.510838 0.866
0.86 0.511354 0.8652
0.88 0.511882 0.8644
0.90 0.512422 0.8636
0.92 0.512974 0.8628
0.94 0.513538 0.862
0.96 0.514114 0.8612
0.98 0.514702 0.8604
1.00 0.515302 0.8596
1.02 0.515914 0.8588
1.04 0.516538 0.858
1.06 0.517174 0.8572
1.08 0.517822 0.8564
1.10 0.518482 0.8556
1.12 0.519154 0.8548
1.14 0.519838 0.854
1.16 0.520534 0.8532
1.18 0.521242 0.8524
1.20 0.521962 0.8516
1.22 0.522694 0.8508
1.24 0.523438 0.85
1.26 0.524194 0.8492
1.28 0.524962 0.8484
1.30 0.525742 0.8476
1.32 0.526534 0.8468
1.34 0.527338 0.846
1.36 0.528154 0.8452
1.38 0.528982 0.8444
1.40 0.529822 0.8436
1.42 0.530674 0.8428
1.44 0.531538 0.842
1.46 0.532414 0.8412
1.48 0.533302 0.8404
1.50 0.534202 0.8396
1.52 0.535114 0.8388
1.54 0.536038 0.838
1.56 0.536974 0.8372
1.58 0.537922 0.8364
1.60 0.538882 0.8356
1.62 0.539854 0.8348
1.64 0.540838 0.834
1.66 0.541834 0.8332
1.68 0.542842 0.8324
1.70 0.543862 0.8316
1.72 0.544894 0.8308
1.74 0.545938 0.83
1.76 0.546994 0.8292
1.78 0.548062 0.8284
1.80 0.549142 0.8276
1.82 0.550234 0.8268
1.84 0.551338 0.826
1.86 0.552454 0.8252
1.88 0.553582 0.8244
1.90 0.554722 0.8236
1.92 0.555874 0.8228
1.94 0.557038 0.822
1.96 0.558214 0.8212
1.98 0.559402 0.8204
2.00 0.560602 0.8196
2.02 0.561814 0.8188
2.04 0.563038 0.818
2.06 0.564274 0.8172
2.08 0.565522 0.8164
2.10 0.566782 0.8156
2.12 0.568054 0.8148
2.14 0.569338 0.814
2.16 0.570634 0.8132
2.18 0.571942 0.8124
2.20 0.573262 0.8116
2.22 0.574594 0.8108
2.24 0.575938 0.81
2.26 0.577294 0.8092
2.28 0.578662 0.8084
2.30 0.580042 0.8076
2.32 0.581434 0.8068
2.34 0.582838 0.806
2.36 0.584254 0.8052
2.38 0.585682 0.8044
2.40 0.587122 0.8036
2.42 0.588574 0.8028
2.44 0.590038 0.802
2.46 0.591514 0.8012
2.48 0.593002 0.8004
2.50 0.594502 0.7996
2.52 0.596014 0.7988
2.54 0.597538 0.798
2.56 0.599074 0.7972
2.58 0.600622 0.7964
2.60 0.602182 0.7956
2.62 0.603754 0.7948
2.64 0.605338 0.794
2.66 0.606934 0.7932
2.68 0.608542 0.7924
2.70 0.610162 0.7916
2.72 0.611794 0.7908
2.74 0.613438 0.79
2.76 0.615094 0.7892
2.78 0.616762 0.7884
2.80 0.618442 0.7876
2.82 0.620134 0.7868
2.84 0.621838 0.786
2.86 0.623554 0.7852
2.88 0.625282 0.7844
2.90 0.627022 0.7836
2.92 0.628774 0.7828
2.94 0.630538 0.782
2.96 0.632314 0.7812
2.98 0.634102 0.7804
3.00 0.635902 0.7796
3.02 0.637714 0.7788
3.04 0.639538 0.778
3.06 0.641374 0.7772
3.08 0.643222 0.7764
3.10 0.645082 0.7756
3.12 0.646954 0.7748
3.14 0.648838 0.774
3.16 0.650734 0.7732
3.18 0.652642 0.7724
3.20 0.654562 0.7716
3.22 0.656494 0.7708
3.24 0.658438 0.77
3.26 0.660394 0.7692
3.28 0.662362 0.7684
3.30 0.664342 0.7676
3.32 0.666334 0.7668
3.34 0.668338 0.766
3.36 0.670354 0.7652
3.38 0.672382 0.7644
3.40 0.674422 0.7636
3.42 0.676474 0.7628
3.44 0.678538 0.762
3.46 0.680614 0.7612
3.48 0.682702 0.7604
3.50 0.684802 0.7596
3.52 0.686914 0.7588
3.54 0.689038 0.758
3.56 0.691174 0.7572
3.58 0.693322 0.7564
3.60 0.695482 0.7556
3.62 0.697654 0.7548
3.64 0.699838 0.754
3.66 0.702034 0.7532
3.68 0.704242 0.7524
3.70 0.706462 0.7516
3.72 0.708694 0.7508
3.74 0.710938 0.75
3.76 0.713194 0.7492
3.78 0.715462 0.7484
3.80 0.717742 0.7476
3.82 0.720034 0.7468
3.84 0.722338 0.746
3.86 0.724654 0.7452
3.88 0.726982 0.7444
3.90 0.729322 0.7436
3.92 0.731674 0.7428
3.94 0.734038 0.742
3.96 0.736414 0.7412
3.98 0.738802 0.7404
4.00 0.741202 0.7396
4.02 0.743614 0.7388
4.04 0.746038 0.738
4.06 0.748474 0.7372
4.08 0.750922 0.7364
4.10 0.753382 0.7356
4.12 0.755854 0.7348
4.14 0.758338 0.734
4.16 0.760834 0.7332
4.18 0.763342 0.7324
4.20 0.765862 0.7316
4.22 0.768394 0.7308
4.24 0.770938 0.73
4.26 0.773494 0.7292
4.28 0.776062 0.7284
4.30 0.778642 0.7276
4.32 0.781234 0.7268
4.34 0.783838 0.726
4.36 0.786454 0.7252
4.38 0.789082 0.7244
4.40 0.791722 0.7236
4.42 0.794374 0.7228
4.44 0.797038 0.722
4.46 0.799714 0.7212
4.48 0.802402 0.7204
4.50 0.805102 0.7196
4.52 0.807814 0.7188
4.54 0.810538 0.718
4.56 0.813274 0.7172
4.58 0.816022 0.7164
4.60 0.818782 0.7156
4.62 0.821554 0.7148
4.64 0.824338 0.714
4.66 0.827134 0.7132
4.68 0.829942 0.7124
4.70 0.832762 0.7116
4.72 0.835594 0.7108
4.74 0.838438 0.71
4.76 0.841294 0.7092
4.78 0.844162 0.7084
4.80 0.847042 0.7076
4.82 0.849934 0.7068
4.84 0.852838 0.706
4.86 0.855754 0.7052
4.88 0.858682 0.7044
4.90 0.861622 0.7036
4.92 0.864574 0.7028
4.94 0.867538 0.702
4.96 0.870514 0.7012
4.98 0.873502 0.7004
5.00 0.876502 0.6996
5.02 0.879514 0.6988
5.04 0.882538 0.698
5.06 0.885574 0.6972
5.08 0.888622 0.6964
5.10 0.891682 0.6956
5.12 0.894754 0.6948
5.14 0.897838 0.694
5.16 0.900934 0.6932
5.18 0.904042 0.6924
5.2  0.907162 0.6916
5.22 0.910294 0.6908
5.24 0.913438 0.69
5.26 0.916594 0.6892
5.28 0.919762 0.6884
5.3  0.922942 0.6876
5.32 0.926134 0.6868
5.34 0.929338 0.686
5.36 0.932554 0.6852
5.38 0.935782 0.6844
5.4  0.939022 0.6836
5.42 0.942274 0.6828
5.44 0.945538 0.682
5.46 0.948814 0.6812
5.48 0.952102 0.6804
5.5  0.955402 0.6796
5.52 0.958714 0.6788
5.54 0.962038 0.678
5.56 0.965374 0.6772
5.58 0.968722 0.6764
5.6  0.972082 0.6756
5.62 0.975454 0.6748
5.64 0.978838 0.674
5.66 0.982234 0.6732
5.68 0.985642 0.6724
5.7  0.989062 0.6716
5.72 0.992494 0.6708
5.74 0.995938 0.67
5.76 0.999394 0.6692
5.78 1.002862 0.6684
5.8  1.006342 0.6676
5.82 1.009834 0.6668
5.84 1.013338 0.666
5.86 1.016854 0.6652
5.88 1.020382 0.6644
5.9  1.023922 0.6636
5.92 1.027474 0.6628
5.94 1.031038 0.662
5.96 1.034614 0.6612
5.98 1.038202 0.6604
6    1.041802 0.6596
